6143
8102
8111
8134
8140
8141
8158
8191
8192
8900
8902
8903
8904
8905
8906
8907
8908
8910
8911
8913
8914
8916
8918
8919
8920
8922
8923
8924
8925
8927
8928
8929
8951
8953
8956
8959
8960
8963
8966
8967
8968
8970
8971
8973
8974
8977
8978
8980
8981
8983
8984
8986
8987
8988
8989
8992
8993
8995
8996
8997
9900
9903
9904
9907
9908
9912
9916
9919
9920
9923
9924
9927
9928
9931
9932
9935
9939
9940
9941
9944
9946
9947
9948
9950
9951
9954
9955
9959
9961
9962
9963
9966
9967
9968
9969
9970
9971
9972
9974
9975
9976
9977
9978
9979
9980
9981
9982
9983
9984
9985
9986
9987
9989
9990
9991
9992
9993
9994
9995
9996
9997
9998